 0.00000000000000E+0000  5.98395219667242E+0001  8.66700000000000E+0001  5.92500000000000E+0001  2.67722132934611E+0001  2.69188816866601E+0000  1.31292158463329E+0000  2.99500000000000E+0000  1.19062443391626E+0001
 5.00000000000000E-0001  6.05136941145003E+0001  8.80179930355602E+0001  5.99056916739095E+0001  2.66626971223893E+0001  2.70008769337090E+0000  1.30984347393813E+0000  3.00102707053957E+0000  1.18017929086024E+0001
 1.00000000000000E+0000  6.11866675442409E+0001  8.93700914203372E+0001  6.05598418308144E+0001  2.65533482385694E+0001  2.70830957989610E+0000  1.30675550448372E+0000  3.00708342568933E+0000  1.16972618445798E+0001
 1.50000000000000E+0000  6.18584400816633E+0001  9.07263063568314E+0001  6.12124455231047E+0001  2.64441669712919E+0001  2.71655391469490E+0000  1.30365760328106E+0000  3.01316914859367E+0000  1.15926517526418E+0001
 2.00000000000000E+0000  6.25290095340206E+0001  9.20866490909096E+0001  6.18634977665750E+0001  2.63351536417065E+0001  2.72482078478187E+0000  1.30054969693817E+0000  3.01928432304499E+0000  1.14879632413589E+0001
 2.50000000000000E+0000  6.31983736900224E+0001  9.34511309120877E+0001  6.25129935402227E+0001  2.62263085628642E+0001  2.73311027773895E+0000  1.29743171165690E+0000  3.02542903349181E+0000  1.13831969223087E+0001
 3.00000000000000E+0000  6.38665303197548E+0001  9.48197631538156E+0001  6.31609277860438E+0001  2.61176320397611E+0001  2.74142248172171E+0000  1.29430357322978E+0000  3.03160336504705E+0000  1.12783534100594E+0001
 3.50000000000000E+0000  6.45334771746004E+0001  9.61925571937656E+0001  6.38072954088277E+0001  2.60091243693809E+0001  2.74975748546567E+0000  1.29116520703676E+0000  3.03780740349627E+0000  1.11734333221530E+0001
 4.00000000000000E+0000  6.51992119871573E+0001  9.75695244541244E+0001  6.44520912759499E+0001  2.59007858407392E+0001  2.75811537829267E+0000  1.28801653804195E+0000  3.04404123530613E+0000  1.10684372790880E+0001
 4.50000000000000E+0000  6.58637324711571E+0001  9.89506764018872E+0001  6.50953102171632E+0001  2.57926167349274E+0001  2.76649625011738E+0000  1.28485749079029E+0000  3.05030494763286E+0000  1.09633659043022E+0001
 5.00000000000000E+0000  6.65270363213839E+0001  1.00336024549156E+0002  6.57369470243875E+0001  2.56846173251570E+0001  2.77490019145388E+0000  1.28168798940420E+0000  3.05659862833080E+0000  1.08582198241551E+0001
 5.50000000000000E+0000  6.71891212135905E+0001  1.01725580453442E+0002  6.63769964514974E+0001  2.55767878768046E+0001  2.78332729342226E+0000  1.27850795758015E+0000  3.06292236596115E+0000  1.07529996679098E+0001
 6.00000000000000E+0000  6.78499848044156E+0001  1.03119355717968E+0002  6.70154532141089E+0001  2.54691286474565E+0001  2.79177764775548E+0000  1.27531731858522E+0000  3.06927624980068E+0000  1.06477060677149E+0001
 6.50000000000000E+0000  6.85096247313001E+0001  1.04517361991979E+0002  6.76523119893630E+0001  2.53616398869545E+0001  2.80025134680611E+0000  1.27211599525360E+0000  3.07566036985060E+0000  1.05423396585862E+0001
 7.00000000000000E+0000  6.91680386124019E+0001  1.05919610971053E+0002  6.82875674157091E+0001  2.52543218374413E+0001  2.80874848355336E+0000  1.26890390998299E+0000  3.08207481684553E+0000  1.04369010783876E+0001
 7.50000000000000E+0000  6.98252240465112E+0001  1.07326114397413E+0002  6.89212140926855E+0001  2.51471747334064E+0001  2.81726915161003E+0000  1.26568098473106E+0000  3.08851968226257E+0000  1.03313909678125E+0001
 8.00000000000000E+0000  7.04811786129647E+0001  1.08736884060252E+0002  6.95532465806987E+0001  2.50401988017322E+0001  2.82581344522970E+0000  1.26244714101177E+0000  3.09499505833042E+0000  1.02258099703644E+0001
 8.50000000000000E+0000  7.11358998715586E+0001  1.10151931796049E+0002  7.01836594008003E+0001  2.49333942617404E+0001  2.83438145931396E+0000  1.25920229989163E+0000  3.10150103803870E+0000  1.01201587323374E+0001
 9.00000000000000E+0000  7.17893853624617E+0001  1.11571269488898E+0002  7.08124470344626E+0001  2.48267613252388E+0001  2.84297328941970E+0000  1.25594638198603E+0000  3.10803771514723E+0000  1.00144379027965E+0001
 9.50000000000000E+0000  7.24416326061277E+0001  1.12994909070838E+0002  7.14396039233521E+0001  2.47203001965680E+0001  2.85158903176654E+0000  1.25267930745532E+0000  3.11460518419558E+0000  9.90864813355752E+0000
 1.00000000000000E+0001  7.30926391032060E+0001  1.14422862522182E+0002  7.20651244691006E+0001  2.46140110726485E+0001  2.86022878324442E+0000  1.24940099600106E+0000  3.12120354051258E+0000  9.80279007916661E+0000
 1.05000000000000E+0001  7.37424023344529E+0001  1.15855141871861E+0002  7.26890030330756E+0001  2.45078941430280E+0001  2.86889264142115E+0000  1.24611136686201E+0000  3.12783288022604E+0000  9.69686439688012E+0000
 1.10000000000000E+0001  7.43909197606414E+0001  1.17291759197757E+0002  7.33112339361472E+0001  2.44019495899288E+0001  2.87758070455021E+0000  1.24281033881021E+0000  3.13449330027251E+0000  9.59087174664351E+0000
 1.15000000000000E+0001  7.50381888224702E+0001  1.18732726627056E+0002  7.39318114584540E+0001  2.42961775882954E+0001  2.88629307157859E+0000  1.23949783014696E+0000  3.14118489840722E+0000  9.48481279107039E+0000
 1.20000000000000E+0001  7.56842069404727E+0001  1.20178056336589E+0002  7.45507298391667E+0001  2.41905783058424E+0001  2.89502984215471E+0000  1.23617375869869E+0000  3.14790777321407E+0000  9.37868819542114E+0000
 1.25000000000000E+0001  7.63289715149238E+0001  1.21627760553190E+0002  7.51679832762498E+0001  2.40851519031024E+0001  2.90379111663653E+0000  1.23283804181283E+0000  3.15466202411576E+0000  9.27249862758140E+0000
 1.30000000000000E+0001  7.69724799257478E+0001  1.23081851554051E+0002  7.57835659262207E+0001  2.39798985334739E+0001  2.91257699609969E+0000  1.22949059635365E+0000  3.16144775138402E+0000  9.16624475804023E+0000
 1.35000000000000E+0001  7.76147295324237E+0001  1.24540341667082E+0002  7.63974719039075E+0001  2.38748183432699E+0001  2.92138758234581E+0000  1.22613133869792E+0000  3.16826505615004E+0000  9.05992725986805E+0000
 1.40000000000000E+0001  7.82557176738910E+0001  1.26003243271278E+0002  7.70096952822036E+0001  2.37699114717659E+0001  2.93022297791092E+0000  1.22276018473067E+0000  3.17511404041488E+0000  8.95354680869430E+0000
 1.45000000000000E+0001  7.88954416684538E+0001  1.27470568797087E+0002  7.76202300918212E+0001  2.36651780512485E+0001  2.93908328607395E+0000  1.21937704984073E+0000  3.18199480706012E+0000  8.84710408268489E+0000
 1.50000000000000E+0001  7.95338988136850E+0001  1.28942330726785E+0002  7.82290703210421E+0001  2.35606182070638E+0001  2.94796861086541E+0000  1.21598184891630E+0000  3.18890745985857E+0000  8.74059976251939E+0000
 1.55000000000000E+0001  8.01710863863282E+0001  1.30418541594851E+0002  7.88362099154659E+0001  2.34562320576661E+0001  2.95687905707610E+0000  1.21257449634048E+0000  3.19585210348518E+0000  8.63403453136796E+0000
 1.60000000000000E+0001  8.08070016422005E+0001  1.31899213988353E+0002  7.94416427777565E+0001  2.33520197146666E+0001  2.96581473026605E+0000  1.20915490598663E+0000  3.20282884352796E+0000  8.52740907486804E+0000
 1.65000000000000E+0001  8.14416418160930E+0001  1.33384360547331E+0002  8.00453627673863E+0001  2.32479812828822E+0001  2.97477573677349E+0000  1.20572299121373E+0000  3.20983778649913E+0000  8.42072408110083E+0000
 1.70000000000000E+0001  8.20750041216711E+0001  1.34873993965194E+0002  8.06473637003774E+0001  2.31441168603841E+0001  2.98376218372399E+0000  1.20227866486170E+0000  3.21687903984639E+0000  8.31398024056750E+0000
 1.75000000000000E+0001  8.27070857513736E+0001  1.36368126989111E+0002  8.12476393490413E+0001  2.30404265385470E+0001  2.99277417903977E+0000  1.19882183924659E+0000  3.22395271196427E+0000  8.20717824616514E+0000
 1.80000000000000E+0001  8.33378838763111E+0001  1.37866772420411E+0002  8.18461834417152E+0001  2.29369104020975E+0001  3.00181183144903E+0000  1.19535242615572E+0000  3.23105891220568E+0000  8.10031879316257E+0000
 1.85000000000000E+0001  8.39673956461635E+0001  1.39369943114994E+0002  8.24429896624971E+0001  2.28335685291633E+0001  3.01087525049552E+0000  1.19187033684276E+0000  3.23819775089357E+0000  7.99340257917576E+0000
 1.90000000000000E+0001  8.45956181890757E+0001  1.40877651983735E+0002  8.30380516509773E+0001  2.27304009913222E+0001  3.01996454654819E+0000  1.18837548202276E+0000  3.24536933933271E+0000  7.88643030414318E+0000
 1.95000000000000E+0001  8.52225486115539E+0001  1.42389911992904E+0002  8.36313630019678E+0001  2.26274078536508E+0001  3.02907983081098E+0000  1.18486777186703E+0000  3.25257378982168E+0000  7.77940267030078E+0000
 2.00000000000000E+0001  8.58481839983594E+0001  1.43906736164583E+0002  8.42229172652293E+0001  2.25245891747731E+0001  3.03822121533277E+0000  1.18134711599799E+0000  3.25981121566494E+0000  7.67232038215688E+0000
 2.05000000000000E+0001  8.64725214124018E+0001  1.45428137577092E+0002  8.48127079451956E+0001  2.24219450069102E+0001  3.04738881301746E+0000  1.17781342348401E+0000  3.26708173118505E+0000  7.56518414646668E+0000
 2.10000000000000E+0001  8.70955578946318E+0001  1.46954129365417E+0002  8.54007285006947E+0001  2.23194753959284E+0001  3.05658273763418E+0000  1.17426660283405E+0000  3.27438545173513E+0000  7.45799467220667E+0000
 2.15000000000000E+0001  8.77172904639325E+0001  1.48484724721649E+0002  8.59869723446683E+0001  2.22171803813880E+0001  3.06580310382767E+0000  1.17070656199227E+0000  3.28172249371136E+0000  7.35075267054877E+0000
 2.20000000000000E+0001  8.83377161170089E+0001  1.50019936895423E+0002  8.65714328438880E+0001  2.21150599965926E+0001  3.07505002712877E+0000  1.16713320833262E+0000  3.28909297456570E+0000  7.24345885483423E+0000
 2.25000000000000E+0001  8.89568318282778E+0001  1.51559779194361E+0002  8.71541033186684E+0001  2.20131142686372E+0001  3.08432362396512E+0000  1.16354644865326E+0000  3.29649701281875E+0000  7.13611394054733E+0000
 2.30000000000000E+0001  8.95746345497554E+0001  1.53104264984527E+0002  8.77349770425782E+0001  2.19113432184572E+0001  3.09362401167195E+0000  1.15994618917093E+0000  3.30393472807279E+0000  7.02871864528888E+0000
 2.35000000000000E+0001  9.01911212109442E+0001  1.54653407690881E+0002  8.83140472421480E+0001  2.18097468608766E+0001  3.10295130850307E+0000  1.15633233551526E+0000  3.31140624102496E+0000  6.92127368874950E+0000
 2.40000000000000E+0001  9.08062887187186E+0001  1.56207220797741E+0002  8.88913070965749E+0001  2.17083252046567E+0001  3.11230563364199E+0000  1.15270479272294E+0000  3.31891167348064E+0000  6.81377979268263E+0000
 2.45000000000000E+0001  9.14201339572096E+0001  1.57765717849255E+0002  8.94667497374254E+0001  2.16070782525442E+0001  3.12168710721321E+0000  1.14906346523188E+0000  3.32645114836696E+0000  6.70623768087742E+0000
 2.50000000000000E+0001  9.20326537876882E+0001  1.59328912449866E+0002  9.00403682483335E+0001  2.15060060013196E+0001  3.13109585029370E+0000  1.14540825687517E+0000  3.33402478974651E+0000  6.59864807913138E+0000
 2.55000000000000E+0001  9.26438450484472E+0001  1.60896818264800E+0002  9.06121556646977E+0001  2.14051084418452E+0001  3.14053198492447E+0000  1.14173907087508E+0000  3.34163272283121E+0000  6.49101171522277E+0000
 2.60000000000000E+0001  9.32537045546823E+0001  1.62469449020545E+0002  9.11821049733733E+0001  2.13043855591132E+0001  3.14999563412239E+0000  1.13805580983686E+0000  3.34927507399640E+0000  6.38332931888287E+0000
 2.65000000000000E+0001  9.38622290983718E+0001  1.64046818505344E+0002  9.17502091123629E+0001  2.12038373322934E+0001  3.15948692189215E+0000  1.13435837574250E+0000  3.35695197079504E+0000  6.27560162176799E+0000
 2.70000000000000E+0001  9.44694154481547E+0001  1.65628940569693E+0002  9.23164609705030E+0001  2.11034637347807E+0001  3.16900597323838E+0000  1.13064666994437E+0000  3.36466354197219E+0000  6.16782935743133E+0000
 2.75000000000000E+0001  9.50752603492079E+0001  1.67215829126841E+0002  9.28808533871472E+0001  2.10032647342431E+0001  3.17855291417794E+0000  1.12692059315880E+0000  3.37240991747955E+0000  6.06001326129461E+0000
 2.80000000000000E+0001  9.56797605231217E+0001  1.68807498153303E+0002  9.34433791518473E+0001  2.09032402926688E+0001  3.18812787175245E+0000  1.12318004545948E+0000  3.38019122849036E+0000  5.95215407061949E+0000
 2.85000000000000E+0001  9.62829126677743E+0001  1.70403961689372E+0002  9.40040310040298E+0001  2.08033903664134E+0001  3.19773097404093E+0000  1.11942492627090E+0000  3.38800760741433E+0000  5.84425252447886E+0000
 2.90000000000000E+0001  9.68847134572049E+0001  1.72005233839644E+0002  9.45628016326695E+0001  2.07037149062467E+0001  3.20736235017265E+0000  1.11565513436152E+0000  3.39585918791287E+0000  5.73630936372792E+0000
 2.95000000000000E+0001  9.74851595414848E+0001  1.73611328773544E+0002  9.51196836759602E+0001  2.06042138574000E+0001  3.21702213034020E+0000  1.11187056783694E+0000  3.40374610491450E+0000  5.62832533097503E+0000
 3.00000000000000E+0001  9.80842475465881E+0001  1.75222260725861E+0002  9.56746697209813E+0001  2.05048871596124E+0001  3.22671044581270E+0000  1.10807112413297E+0000  3.41166849463046E+0000  5.52030117055243E+0000
 3.05000000000000E+0001  9.86819740742597E+0001  1.76838043997293E+0002  9.62277523033612E+0001  2.04057347471771E+0001  3.23642742894924E+0000  1.10425670000853E+0000  3.41962649457052E+0000  5.41223762848676E+0000
 3.10000000000000E+0001  9.92783357018832E+0001  1.78458692954990E+0002  9.67789239069370E+0001  2.03067565489880E+0001  3.24617321321251E+0000  1.10042719153847E+0000  3.42762024355903E+0000  5.30413545246943E+0000
 3.15000000000000E+0001  9.98733289823461E+0001  1.80084222033115E+0002  9.73281769634109E+0001  2.02079524885853E+0001  3.25594793318262E+0000  1.09658249410631E+0000  3.43564988175114E+0000  5.19599539182674E+0000
 3.20000000000000E+0001  1.00466950443904E+0002  1.81714645733401E+0002  9.78755038520021E+0001  2.01093224842012E+0001  3.26575172457116E+0000  1.09272250239680E+0000  3.44371555064930E+0000  5.08781819748996E+0000
 3.25000000000000E+0001  1.01059196590043E+0002  1.83349978625724E+0002  9.84208968990962E+0001  2.00108664488059E+0001  3.27558472423539E+0000  1.08884711038842E+0000  3.45181739311996E+0000  4.97960462196508E+0000
 3.30000000000000E+0001  1.01650063899343E+0002  1.84990235348678E+0002  9.89643483778899E+0001  1.99125842901523E+0001  3.28544707019276E+0000  1.08495621134572E+0000  3.45995555341046E+0000  4.87135541930256E+0000
 3.35000000000000E+0001  1.02239548825332E+0002  1.86635430610157E+0002  9.95058505080319E+0001  1.98144759108212E+0001  3.29533890163553E+0000  1.08104969781161E+0000  3.46813017716623E+0000  4.76307134506679E+0000
 3.40000000000000E+0001  1.02827647796348E+0002  1.88285579187949E+0002  1.00045395455260E+0002  1.97165412082659E+0001  3.30526035894569E+0000  1.07712746159940E+0000  3.47634141144816E+0000  4.65475315630542E+0000
 3.45000000000000E+0001  1.03414357215395E+0002  1.89940695930336E+0002  1.00582975331036E+0002  1.96187800748571E+0001  3.31521158371005E+0000  1.07318939378486E+0000  3.48458940475024E+0000  4.54640161151862E+0000
 3.50000000000000E+0001  1.03999673459994E+0002  1.91600795756695E+0002  1.01118582192171E+0002  1.95211923979265E+0001  3.32519271873559E+0000  1.06923538469807E+0000  3.49287430701744E+0000  4.43801747062806E+0000
 3.55000000000000E+0001  1.04583592882041E+0002  1.93265893658114E+0002  1.01652208040456E+0002  1.94237780598108E+0001  3.33520390806503E+0000  1.06526532391512E+0000  3.50119626966387E+0000  4.32960149494582E+0000
 3.60000000000000E+0001  1.05166111807651E+0002  1.94936004698017E+0002  1.02183844822278E+0002  1.93265369378956E+0001  3.34524529699263E+0000  1.06127910024977E+0000  3.50955544559112E+0000  4.22115444714314E+0000
 3.65000000000000E+0001  1.05747226537014E+0002  1.96611144012791E+0002  1.02713484428238E+0002  1.92294689046586E+0001  3.35531703208026E+0000  1.05727660174488E+0000  3.51795198920694E+0000  4.11267709121901E+0000
 3.70000000000000E+0001  1.06326933344236E+0002  1.98291326812423E+0002  1.03241118692766E+0002  1.91325738277120E+0001  3.36541926117363E+0000  1.05325771566375E+0000  3.52638605644415E+0000  4.00417019246861E+0000
 3.75000000000000E+0001  1.06905228477188E+0002  1.99976568381148E+0002  1.03766739393724E+0002  1.90358515698461E+0001  3.37555213341888E+0000  1.04922232848134E+0000  3.53485780477979E+0000  3.89563451745167E+0000
 3.80000000000000E+0001  1.07482108157350E+0002  2.01666884078102E+0002  1.04290338252016E+0002  1.89393019890707E+0001  3.38571579927933E+0000  1.04517032587530E+0000  3.54336739325461E+0000  3.78707083396062E+0000
 3.85000000000000E+0001  1.08057568579648E+0002  2.03362289337986E+0002  1.04811906931180E+0002  1.88429249386579E+0001  3.39591041055254E+0000  1.04110159271689E+0000  3.55191498249279E+0000  3.67847991098866E+0000
 3.90000000000000E+0001  1.08631605912300E+0002  2.05062799671739E+0002  1.05331437036989E+0002  1.87467202671829E+0001  3.40613612038760E+0000  1.03701601306173E+0000  3.56050073472195E+0000  3.56986251869768E+0000
 3.95000000000000E+0001  1.09204216296646E+0002  2.06768430667211E+0002  1.05848920117036E+0002  1.86506878185663E+0001  3.41639308330270E+0000  1.03291347014042E+0000  3.56912481379344E+0000  3.46121942838608E+0000
 4.00000000000000E+0001  1.09775395846989E+0002  2.08479197989862E+0002  1.06364347660324E+0002  1.85548274321140E+0001  3.42668145520299E+0000  1.02879384634902E+0000  3.57778738520300E+0000  3.35255141245641E+0000
 4.05000000000000E+0001  1.10345140650428E+0002  2.10195117383454E+0002  1.06877711096838E+0002  1.84591389425587E+0001  3.43700139339864E+0000  1.02465702323933E+0000  3.58648861611157E+0000  3.24385924438298E+0000
 4.10000000000000E+0001  1.10913446766686E+0002  2.11916204670756E+0002  1.07389001797132E+0002  1.83636221800993E+0001  3.44735305662329E+0000  1.02050288150903E+0000  3.59522867536658E+0000  3.13514369867929E+0000
 4.15000000000000E+0001  1.11480310227941E+0002  2.13642475754268E+0002  1.07898211071889E+0002  1.82682769704415E+0001  3.45773660505267E+0000  1.01633130099172E+0000  3.60400773352343E+0000  3.02640555086534E+0000
 4.20000000000000E+0001  1.12045727038652E+0002  2.15373946616939E+0002  1.08405330171492E+0002  1.81731031348367E+0001  3.46815220032361E+0000  1.01214216064666E+0000  3.61282596286730E+0000  2.91764557743490E+0000
 4.25000000000000E+0001  1.12609693175387E+0002  2.17110633322907E+0002  1.08910350285583E+0002  1.80781004901213E+0001  3.47860000555330E+0000  1.00793533854852E+0000  3.62168353743536E+0000  2.80886455582262E+0000
 4.30000000000000E+0001  1.13172204586638E+0002  2.18852552018244E+0002  1.09413262542618E+0002  1.79832688487553E+0001  3.48908018535879E+0000  1.00371071187677E+0000  3.63058063303922E+0000  2.70006326437104E+0000
 4.35000000000000E+0001  1.13733257192649E+0002  2.20599718931708E+0002  1.09914058009416E+0002  1.78886080188605E+0001  3.49959290587694E+0000  9.99468156905086E-0001  3.63951742728778E+0000  2.59124248229753E+0000
 4.40000000000000E+0001  1.14292846885229E+0002  2.22352150375509E+0002  1.10412727690706E+0002  1.77941178042586E+0001  3.51013833478455E+0000  9.95207548990412E-0001  3.64849409961035E+0000  2.48240298966111E+0000
 4.45000000000000E+0001  1.14850969527568E+0002  2.24109862746086E+0002  1.10909262528661E+0002  1.76997980045082E+0001  3.52071664131886E+0000  9.90928762561954E-0001  3.65751083128022E+0000  2.37354556732921E+0000
 4.50000000000000E+0001  1.15407620954050E+0002  2.25872872524891E+0002  1.11403653402437E+0002  1.76056484149423E+0001  3.53132799629837E+0000  9.86631671109945E-0001  3.66656780543847E+0000  2.26467099694431E+0000
 4.55000000000000E+0001  1.15962796970063E+0002  2.27641196279184E+0002  1.11895891127697E+0002  1.75116688267045E+0001  3.54197257214400E+0000  9.82316147174228E-0001  3.67566520711825E+0000  2.15578006089051E+0000
 4.60000000000000E+0001  1.16516493351806E+0002  2.29414850662842E+0002  1.12385966456134E+0002  1.74178590267852E+0001  3.55265054290057E+0000  9.77982062332656E-0001  3.68480322326934E+0000  2.04687354226003E+0000
 4.65000000000000E+0001  1.17068705846097E+0002  2.31193852417173E+0002  1.12873870074987E+0002  1.73242187980575E+0001  3.56336208425858E+0000  9.73629287189290E-0001  3.69398204278316E+0000  1.93795222481960E+0000
 4.70000000000000E+0001  1.17619430170172E+0002  2.32978218371749E+0002  1.13359592606550E+0002  1.72307479193122E+0001  3.57410737357647E+0000  9.69257691362409E-0001  3.70320185651807E+0000  1.82901689297684E+0000
 4.75000000000000E+0001  1.18168662011485E+0002  2.34767965445240E+0002  1.13843124607679E+0002  1.71374461652926E+0001  3.58488658990306E+0000  9.64867143472305E-0001  3.71246285732520E+0000  1.72006833174650E+0000
 4.80000000000000E+0001  1.18716397027507E+0002  2.36563110646268E+0002  1.14324456569287E+0002  1.70443133067290E+0001  3.59569991400047E+0000  9.60457511128889E-0001  3.72176524007451E+0000  1.61110732671669E+0000
 4.85000000000000E+0001  1.19262630845519E+0002  2.38363671074273E+0002  1.14803578915837E+0002  1.69513491103724E+0001  3.60654752836738E+0000  9.56028660919074E-0001  3.73110920168139E+0000  1.50213466401498E+0000
 4.90000000000000E+0001  1.19807359062403E+0002  2.40169663920378E+0002  1.15280482004828E+0002  1.68585533390276E+0001  3.61742961726264E+0000  9.51580458393951E-0001  3.74049494113362E+0000  1.39315113027456E+0000
 4.95000000000000E+0001  1.20350577244431E+0002  2.41981106468285E+0002  1.15755156126270E+0002  1.67659257515868E+0001  3.62834636672931E+0000  9.47112768055749E-0001  3.74992265951873E+0000  1.28415751260019E+0000
 5.00000000000000E+0001  1.20892280927051E+0002  2.43798016095166E+0002  1.16227591502162E+0002  1.66734661030612E+0001  3.63929796461902E+0000  9.42625453344570E-0001  3.75939256005185E+0000  1.17515459853424E+0000
 5.05000000000000E+0001  1.21432465614668E+0002  2.45620410272576E+0002  1.16697778285954E+0002  1.65811741446133E+0001  3.65028460061680E+0000  9.38118376624896E-0001  3.76890484810395E+0000  1.06614317602260E+0000
 5.10000000000000E+0001  1.21971126780422E+0002  2.47448306567378E+0002  1.17165706562006E+0002  1.64890496235882E+0001  3.66130646626624E+0000  9.33591399171876E-0001  3.77845973123053E+0000  9.57124033380565E-0001
 5.15000000000000E+0001  1.22508259865971E+0002  2.49281722642676E+0002  1.17631366345040E+0002  1.63970922835445E+0001  3.67236375499515E+0000  9.29044381157364E-0001  3.78805741920079E+0000  8.48097959258685E-0001
 5.20000000000000E+0001  1.23043860281255E+0002  2.51120676258763E+0002  1.18094747579587E+0002  1.63053018642845E+0001  3.68345666214153E+0000  9.24477181635729E-0001  3.79769812402723E+0000  7.39065742608588E-0001
 5.25000000000000E+0001  1.23577923404272E+0002  2.52965185274086E+0002  1.18555840139420E+0002  1.62136781018843E+0001  3.69458538498008E+0000  9.19889658529414E-0001  3.80738205999579E+0000  6.30028172648748E-0001
 5.30000000000000E+0001  1.24110444580844E+0002  2.54815267646217E+0002  1.19014633826989E+0002  1.61222207287227E+0001  3.70575012274908E+0000  9.15281668614250E-0001  3.81710944369639E+0000  5.20986038830242E-0001
 5.35000000000000E+0001  1.24641419124375E+0002  2.56670941432847E+0002  1.19471118372843E+0002  1.60309294735103E+0001  3.71695107667772E+0000  9.10653067504514E-0001  3.82688049405400E+0000  4.11940130802472E-0001
 5.40000000000000E+0001  1.25170842315619E+0002  2.58532224792782E+0002  1.19925283435043E+0002  1.59398040613175E+0001  3.72818845001387E+0000  9.06003709637729E-0001  3.83669543236027E+0000  3.02891238378873E-0001
 5.45000000000000E+0001  1.25698709402429E+0002  2.60399135986964E+0002  1.20377118598571E+0002  1.58488442136023E+0001  3.73946244805238E+0000  9.01333448259196E-0001  3.84655448230552E+0000  1.93840151502594E-0001
 5.50000000000000E+0001  1.26225015599512E+0002  2.62271693379499E+0002  1.20826613374731E+0002  1.57580496482374E+0001  3.75077327816379E+0000  8.96642135406267E-0001  3.85645787001147E+0000  8.47876602121743E-0002
 5.55000000000000E+0001  1.26749756088180E+0002  2.64149915438705E+0002  1.21273757200542E+0002  1.56674200795363E+0001  3.76212114982350E+0000  8.91929621892331E-0001  3.86640582406429E+0000 -2.42654453928098E-0002
 5.60000000000000E+0001  1.27272926016092E+0002  2.66033820738167E+0002  1.21718539438118E+0002  1.55769552182799E+0001  3.77350627464152E+0000  8.87195757290524E-0001  3.87639857554834E+0000 -1.33318375186049E-0001
 5.65000000000000E+0001  1.27794520497000E+0002  2.67923427957820E+0002  1.22160949374046E+0002  1.54866547717414E+0001  3.78492886639262E+0000  8.82440389917158E-0001  3.88643635808041E+0000 -2.42370339048852E-0001
 5.70000000000000E+0001  1.28314534610480E+0002  2.69818755885029E+0002  1.22600976218756E+0002  1.53965184437113E+0001  3.79638914104708E+0000  8.77663366814853E-0001  3.89651940784452E+0000 -3.51420546904667E-0001
 5.75000000000000E+0001  1.28832963401673E+0002  2.71719823415701E+0002  1.23038609105874E+0002  1.53065459345215E+0001  3.80788731680187E+0000  8.72864533735370E-0001  3.90664796362733E+0000 -4.60468208753076E-0001
 5.80000000000000E+0001  1.29349801881009E+0002  2.73626649555407E+0002  1.23473837091578E+0002  1.52167369410688E+0001  3.81942361411242E+0000  8.68043735122145E-0001  3.91682226685414E+0000 -5.69512534704440E-0001
 5.85000000000000E+0001  1.29865045023936E+0002  2.75539253420515E+0002  1.23906649153936E+0002  1.51270911568382E+0001  3.83099825572496E+0000  8.63200814092511E-0001  3.92704256162543E+0000 -6.78552735014058E-0001
 5.90000000000000E+0001  1.30378687770642E+0002  2.77457654239345E+0002  1.24337034192240E+0002  1.50376082719248E+0001  3.84261146670930E+0000  8.58335612419604E-0001  3.93730909475413E+0000 -7.87588020116607E-0001
 5.95000000000000E+0001  1.30890725025770E+0002  2.79381871353341E+0002  1.24764981026327E+0002  1.49482879730560E+0001  3.85426347449231E+0000  8.53447970513943E-0001  3.94762211580337E+0000 -8.96617600660247E-0001
 6.00000000000000E+0001  1.31401151658130E+0002  2.81311924218256E+0002  1.25190478395896E+0002  1.48591299436122E+0001  3.86595450889184E+0000  8.48537727404686E-0001  3.95798187712504E+0000 -1.00564068754112E+0000
 6.05000000000000E+0001  1.31909962500414E+0002  2.83247832405359E+0002  1.25613514959812E+0002  1.47701338636475E+0001  3.87768480215137E+0000  8.43604720720546E-0001  3.96838863389887E+0000 -1.11465649193723E+0000
 6.10000000000000E+0001  1.32417152348891E+0002  2.85189615602651E+0002  1.26034079295399E+0002  1.46812994099095E+0001  3.88945458897514E+0000  8.38648786670367E-0001  3.97884264417223E+0000 -1.22366422534302E+0000
 6.15000000000000E+0001  1.32922715963116E+0002  2.87137293616111E+0002  1.26452159897727E+0002  1.45926262558582E+0001  3.90126410656394E+0000  8.33669760023344E-0001  3.98934416890063E+0000 -1.33266309960346E+0000
 6.20000000000000E+0001  1.33426648065618E+0002  2.89090886370947E+0002  1.26867745178885E+0002  1.45041140716850E+0001  3.91311359465151E+0000  8.28667474088892E-0001  3.99989347198889E+0000 -1.44165232694802E+0000
 6.25000000000000E+0001  1.33928943341592E+0002  2.91050413912878E+0002  1.27280823467250E+0002  1.44157625243300E+0001  3.92500329554164E+0000  8.23641760696145E-0001  4.01049082033302E+0000 -1.55063112002475E+0000
 6.30000000000000E+0001  1.34429596438586E+0002  2.93015896409423E+0002  1.27691383006737E+0002  1.43275712774995E+0001  3.93693345414581E+0000  8.18592450173084E-0001  4.02113648386284E+0000 -1.65959869193470E+0000
 6.35000000000000E+0001  1.34928601966182E+0002  2.94987354151218E+0002  1.28099411956047E+0002  1.42395399916824E+0001  3.94890431802156E+0000  8.13519371325285E-0001  4.03183073558536E+0000 -1.76855425626541E+0000
 6.40000000000000E+0001  1.35425954495666E+0002  2.96964807553345E+0002  1.28504898387896E+0002  1.41516683241657E+0001  3.96091613741157E+0000  8.08422351414278E-0001  4.04257385162888E+0000 -1.87749702712518E+0000
 6.45000000000000E+0001  1.35921648559705E+0002  2.98948277156690E+0002  1.28907830288244E+0002  1.40639559290500E+0001  3.97296916528336E+0000  8.03301216135506E-0001  4.05336611128789E+0000 -1.98642621917695E+0000
 6.50000000000000E+0001  1.36415678652009E+0002  3.00937783629312E+0002  1.29308195555500E+0002  1.39764024572635E+0001  3.98506365736971E+0000  7.98155789595883E-0001  4.06420779706873E+0000 -2.09534104767193E+0000
 6.55000000000000E+0001  1.36908039226990E+0002  3.02933347767833E+0002  1.29705981999724E+0002  1.38890075565757E+0001  3.99719987220989E+0000  7.92985894290935E-0001  4.07509919473614E+0000 -2.20424072848354E+0000
 6.60000000000000E+0001  1.37398724699418E+0002  3.04934990498858E+0002  1.30101177341818E+0002  1.38017708716104E+0001  4.00937807119148E+0000  7.87791351081520E-0001  4.08604059336052E+0000 -2.31312447814118E+0000
 6.65000000000000E+0001  1.37887729444069E+0002  3.06942732880407E+0002  1.30493769212700E+0002  1.37146920438579E+0001  4.02159851859308E+0000  7.82571979170111E-0001  4.09703228536612E+0000 -2.42199151386345E+0000
 6.70000000000000E+0001  1.38375047795366E+0002  3.08956596103370E+0002  1.30883745152470E+0002  1.36277707116861E+0001  4.03386148162771E+0000  7.77327596076645E-0001  4.10807456658006E+0000 -2.53084105359228E+0000
 6.75000000000000E+0001  1.38860674047022E+0002  3.10976601492985E+0002  1.31271092609561E+0002  1.35410065103514E+0001  4.04616723048700E+0000  7.72058017613915E-0001  4.11916773628227E+0000 -2.63967231602593E+0000
 6.80000000000000E+0001  1.39344602451665E+0002  3.13002770510342E+0002  1.31655798939881E+0002  1.34543990720086E+0001  4.05851603838626E+0000  7.66763057862505E-0001  4.13031209725623E+0000 -2.74848452065262E+0000
 6.85000000000000E+0001  1.39826827220469E+0002  3.15035124753904E+0002  1.32037851405942E+0002  1.33679480257200E+0001  4.07090818161025E+0000  7.61442529145250E-0001  4.14150795584076E+0000 -2.85727688778379E+0000
 6.90000000000000E+0001  1.40307342522768E+0002  3.17073685961052E+0002  1.32417237175968E+0002  1.32816529974634E+0001  4.08334393955987E+0000  7.56096242001216E-0001  4.15275562198267E+0000 -2.96604863858726E+0000
 6.95000000000000E+0001  1.40786142485675E+0002  3.19118476009657E+0002  1.32793943323006E+0002  1.31955136101400E+0001  4.09582359479972E+0000  7.50724005159194E-0001  4.16405540929037E+0000 -3.07479899512050E+0000
 7.00000000000000E+0001  1.41263221193683E+0002  3.21169516919673E+0002  1.33167956824006E+0002  1.31095294835810E+0001  4.10834743310648E+0000  7.45325625510683E-0001  4.17540763508852E+0000 -3.18352718036344E+0000
 7.05000000000000E+0001  1.41738572688268E+0002  3.23226830854758E+0002  1.33539264558900E+0002  1.30237002345535E+0001  4.12091574351820E+0000  7.39900908082360E-0001  4.18681262047363E+0000 -3.29223241825166E+0000
 7.10000000000000E+0001  1.42212190967486E+0002  3.25290440123911E+0002  1.33907853309661E+0002  1.29380254767652E+0001  4.13352881838454E+0000  7.34449656008033E-0001  4.19827069037071E+0000 -3.40091393370904E+0000
 7.15000000000000E+0001  1.42684069985553E+0002  3.27360367183146E+0002  1.34273709759349E+0002  1.28525048208693E+0001  4.14618695341790E+0000  7.28971670500048E-0001  4.20978217359099E+0000 -3.50957095268046E+0000
 7.20000000000000E+0001  1.43154203652430E+0002  3.29436634637187E+0002  1.34636820491146E+0002  1.27671378744672E+0001  4.15889044774557E+0000  7.23466750820149E-0001  4.22134740289065E+0000 -3.61820270216454E+0000
 7.25000000000000E+0001  1.43622585833394E+0002  3.31519265241183E+0002  1.34997171987369E+0002  1.26819242421115E+0001  4.17163960396276E+0000  7.17934694249783E-0001  4.23296671503073E+0000 -3.72680841024618E+0000
 7.30000000000000E+0001  1.44089210348605E+0002  3.33608281902460E+0002  1.35354750628474E+0002  1.25968635253070E+0001  4.18443472818673E+0000  7.12375296059818E-0001  4.24464045083815E+0000 -3.83538730612871E+0000
 7.35000000000000E+0001  1.44554070972663E+0002  3.35703707682295E+0002  1.35709542692045E+0002  1.25119553225122E+0001  4.19727613011189E+0000  7.06788349479689E-0001  4.25636895526777E+0000 -3.94393862016639E+0000
 7.40000000000000E+0001  1.45017161434161E+0002  3.37805565797718E+0002  1.36061534351763E+0002  1.24271992291385E+0001  4.21016412306595E+0000  7.01173645665934E-0001  4.26815257746582E+0000 -4.05246158389639E+0000
 7.45000000000000E+0001  1.45478475415225E+0002  3.39913879623342E+0002  1.36410711676362E+0002  1.23425948375495E+0001  4.22309902406717E+0000  6.95530973670115E-0001  4.27999167083437E+0000 -4.16095543007097E+0000
 7.50000000000000E+0001  1.45938006551054E+0002  3.42028672693227E+0002  1.36757060628570E+0002  1.22581417370586E+0001  4.23608115388265E+0000  6.89860120406119E-0001  4.29188659309708E+0000 -4.26941939268920E+0000
 7.55000000000000E+0001  1.46395748429444E+0002  3.44149968702763E+0002  1.37100567064029E+0002  1.21738395139265E+0001  4.24911083708780E+0000  6.84160870616808E-0001  4.30383770636627E+0000 -4.37785270702879E+0000
 7.60000000000000E+0001  1.46851694590309E+0002  3.46277791510594E+0002  1.37441216730204E+0002  1.20896877513569E+0001  4.26218840212692E+0000  6.78433006840016E-0001  4.31584537721119E+0000 -4.48625460967785E+0000
 7.65000000000000E+0001  1.47305838525193E+0002  3.48412165140564E+0002  1.37778995265270E+0002  1.20056860294916E+0001  4.27531418137496E+0000  6.72676309373873E-0001  4.32790997672765E+0000 -4.59462433856606E+0000
 7.70000000000000E+0001  1.47758173676771E+0002  3.50553113783704E+0002  1.38113888196983E+0002  1.19218339254051E+0001  4.28848851120048E+0000  6.66890556241438E-0001  4.34003188060901E+0000 -4.70296113299623E+0000
 7.75000000000000E+0001  1.48208693438343E+0002  3.52700661800237E+0002  1.38445880941536E+0002  1.18381310130970E+0001  4.30171173202986E+0000  6.61075523154631E-0001  4.35221146921855E+0000 -4.81126423367547E+0000
 7.80000000000000E+0001  1.48657391153324E+0002  3.54854833721630E+0002  1.38774958802390E+0002  1.17545768634849E+0001  4.31498418841270E+0000  6.55230983477442E-0001  4.36444912766324E+0000 -4.91953288274619E+0000
 7.85000000000000E+0001  1.49104260114712E+0002  3.57015654252669E+0002  1.39101106969095E+0002  1.16711710443947E+0001  4.32830622908861E+0000  6.49356708188398E-0001  4.37674524586896E+0000 -5.02776632381707E+0000
 7.90000000000000E+0001  1.49549293564564E+0002  3.59183148273571E+0002  1.39424310516086E+0002  1.15879131205511E+0001  4.34167820705521E+0000  6.43452465842288E-0001  4.38910021865720E+0000 -5.13596380199358E+0000
 7.95000000000000E+0001  1.49992484693447E+0002  3.61357340842130E+0002  1.39744554401460E+0002  1.15048026535667E+0001  4.35510047963756E+0000  6.37518022531097E-0001  4.40151444582331E+0000 -5.24412456390894E+0000
 8.00000000000000E+0001  1.50433826639890E+0002  3.63538257195901E+0002  1.40061823465739E+0002  1.14218392019294E+0001  4.36857340855895E+0000  6.31553141844159E-0001  4.41398833221629E+0000 -5.35224785775415E+0000
 8.05000000000000E+0001  1.50873312489820E+0002  3.65725922754413E+0002  1.40376102430601E+0002  1.13390223209893E+0001  4.38209736001302E+0000  6.25557584827500E-0001  4.42652228782012E+0000 -5.46033293330844E+0000
 8.10000000000000E+0001  1.51310935275993E+0002  3.67920363121427E+0002  1.40687375897606E+0002  1.12563515629448E+0001  4.39567270473751E+0000  6.19531109942345E-0001  4.43911672783683E+0000 -5.56837904196942E+0000
 8.15000000000000E+0001  1.51746687977411E+0002  3.70121604087223E+0002  1.40995628346890E+0002  1.11738264768265E+0001  4.40929981808927E+0000  6.13473473022775E-0001  4.45177207277110E+0000 -5.67638543678286E+0000
 8.20000000000000E+0001  1.52180563518727E+0002  3.72329671630930E+0002  1.41300844135836E+0002  1.10914466084811E+0001  4.42297908012101E+0000  6.07384427232522E-0001  4.46448874851675E+0000 -5.78435137247249E+0000
 8.25000000000000E+0001  1.52612554769649E+0002  3.74544591922895E+0002  1.41603007497738E+0002  1.10092115005532E+0001  4.43671087565939E+0000  6.01263723020858E-0001  4.47726718644478E+0000 -5.89227610546962E+0000
 8.30000000000000E+0001  1.53042654544317E+0002  3.76766391327086E+0002  1.41902102540422E+0002  1.09271206924665E+0001  4.45049559438489E+0000  5.95111108077585E-0001  4.49010782349340E+0000 -6.00015889394247E+0000
 8.35000000000000E+0001  1.53470855600687E+0002  3.78995096403545E+0002  1.42198113244861E+0002  1.08451737204035E+0001  4.46433363091321E+0000  5.88926327287074E-0001  4.50301110225975E+0000 -6.10799899782545E+0000
 8.40000000000000E+0001  1.53897150639888E+0002  3.81230733910870E+0002  1.42491023463760E+0002  1.07633701172841E+0001  4.47822538487836E+0000  5.82709122681357E-0001  4.51597747109360E+0000 -6.21579567884803E+0000
 8.45000000000000E+0001  1.54321532305578E+0002  3.83473330808750E+0002  1.42780816920116E+0002  1.06817094127429E+0001  4.49217126101745E+0000  5.76459233392230E-0001  4.52900738419295E+0000 -6.32354820056399E+0000
 8.50000000000000E+0001  1.54743993183283E+0002  3.85722914260535E+0002  1.43067477205756E+0002  1.06001911331048E+0001  4.50617166925733E+0000  5.70176395602347E-0001  4.54210130170161E+0000 -6.43125582837949E+0000
 8.55000000000000E+0001  1.55164525799724E+0002  3.87979511635854E+0002  1.43350987779853E+0002  1.05188148013605E+0001  4.52022702480288E+0000  5.63860342495288E-0001  4.55525968980883E+0000 -6.53891782958206E+0000
 8.60000000000000E+0001  1.55583122622136E+0002  3.90243150513280E+0002  1.43631331967409E+0002  1.04375799371390E+0001  4.53433774822728E+0000  5.57510804204560E-0001  4.56848302085098E+0000 -6.64653347336857E+0000
 8.65000000000000E+0001  1.55999776057567E+0002  3.92513858683029E+0002  1.43908492957721E+0002  1.03564860566800E+0001  4.54850426556409E+0000  5.51127507761520E-0001  4.58177177341541E+0000 -6.75410203087349E+0000
 8.70000000000000E+0001  1.56414478452171E+0002  3.94791664149722E+0002  1.44182453802814E+0002  1.02755326728045E+0001  4.56272700840133E+0000  5.44710177042181E-0001  4.59512643244648E+0000 -6.86162277519652E+0000
 8.75000000000000E+0001  1.56827222090482E+0002  3.97076595135180E+0002  1.44453197415851E+0002  1.01947192948841E+0001  4.57700641397750E+0000  5.38258532712882E-0001  4.60854748935382E+0000 -6.96909498143063E+0000
 8.80000000000000E+0001  1.57237999194681E+0002  3.99368680081280E+0002  1.44720706569515E+0002  1.01140454288083E+0001  4.59134292527966E+0000  5.31772292174780E-0001  4.62203544212292E+0000 -7.07651792668917E+0000
 8.85000000000000E+0001  1.57646801923843E+0002  4.01667947652846E+0002  1.44984963894361E+0002  1.00335105769513E+0001  4.60573699114365E+0000  5.25251169507152E-0001  4.63559079542809E+0000 -7.18389089013331E+0000
 8.90000000000000E+0001  1.58053622373171E+0002  4.03974426740606E+0002  1.45245951877142E+0002  9.95311423813662E+0000  4.62018906635635E+0000  5.18694875409461E-0001  4.64921406074778E+0000 -7.29121315299923E+0000
 8.95000000000000E+0001  1.58458452573220E+0002  4.06288146464191E+0002  1.45503652859100E+0002  9.87285590760029E+0000  4.63469961176028E+0000  5.12103117142157E-0001  4.66290575648249E+0000 -7.39848399862469E+0000
 9.00000000000000E+0001  1.58861284489101E+0002  4.08609136175189E+0002  1.45758049034241E+0002  9.79273507695267E+0000  4.64926909436031E+0000  5.05475598466190E-0001  4.67666640807517E+0000 -7.50570271247584E+0000
 9.05000000000000E+0001  1.59262110019673E+0002  4.10937425460253E+0002  1.46009122447557E+0002  9.71275123413855E+0000  4.66389798743287E+0000  4.98812019581190E-0001  4.69049654813422E+0000 -7.61286858217354E+0000
 9.10000000000000E+0001  1.59660920996716E+0002  4.13273044144266E+0002  1.46256854993242E+0002  9.63290386339568E+0000  4.67858677063733E+0000  4.92112077062282E-0001  4.70439671655922E+0000 -7.71998089751976E+0000
 9.15000000000000E+0001  1.60057709184093E+0002  4.15616022293559E+0002  1.46501228412854E+0002  9.55319244521156E+0000  4.69333593013002E+0000  4.85375463795503E-0001  4.71836746066944E+0000 -7.82703895052328E+0000
 9.20000000000000E+0001  1.60452466276891E+0002  4.17966390219192E+0002  1.46742224293461E+0002  9.47361645627871E+0000  4.70814595868064E+0000  4.78601868911787E-0001  4.73240933533509E+0000 -7.93404203542570E+0000
 9.25000000000000E+0001  1.60845183900550E+0002  4.20324178480286E+0002  1.46979824065742E+0002  9.39417536944802E+0000  4.72301735579127E+0000  4.71790977719467E-0001  4.74652290311160E+0000 -8.04098944872683E+0000
 9.30000000000000E+0001  1.61235853609971E+0002  4.22689417887421E+0002  1.47214009002060E+0002  9.31486865368046E+0000  4.73795062781803E+0000  4.64942471635270E-0001  4.76070873437680E+0000 -8.14788048921004E+0000
 9.35000000000000E+0001  1.61624466888608E+0002  4.25062139506097E+0002  1.47444760214499E+0002  9.23569577399699E+0000  4.75294628809548E+0000  4.58056028113755E-0001  4.77496740747117E+0000 -8.25471445796726E+0000
 9.40000000000000E+0001  1.62011015147545E+0002  4.27442374660249E+0002  1.47672058652866E+0002  9.15665619142651E+0000  4.76800485706375E+0000  4.51131320575154E-0001  4.78929950884128E+0000 -8.36149065842416E+0000
 9.45000000000000E+0001  1.62395489724546E+0002  4.29830154935837E+0002  1.47895885102653E+0002  9.07774936295209E+0000  4.78312686239859E+0000  4.44168018331581E-0001  4.80370563318649E+0000 -8.46820839636431E+0000
 9.50000000000000E+0001  1.62777881883102E+0002  4.32225512184497E+0002  1.48116220182965E+0002  8.99897474145519E+0000  4.79831283914433E+0000  4.37165786511542E-0001  4.81818638360883E+0000 -8.57486697995381E+0000
 9.55000000000000E+0001  1.63158182811441E+0002  4.34628478527255E+0002  1.48333044344410E+0002  8.92033177565785E+0000  4.81356332984985E+0000  4.30124285982736E-0001  4.83274237176650E+0000 -8.68146571976562E+0000
 9.60000000000000E+0001  1.63536383621533E+0002  4.37039086358319E+0002  1.48546337866948E+0002  8.84181991006300E+0000  4.82887888470771E+0000  4.23043173273060E-0001  4.84737421803072E+0000 -8.78800392880301E+0000
 9.65000000000000E+0001  1.63912475348062E+0002  4.39457368348930E+0002  1.48756080857702E+0002  8.76343858489264E+0000  4.84426006169640E+0000  4.15922100489802E-0001  4.86208255164622E+0000 -8.89448092252366E+0000
 9.70000000000000E+0001  1.64286448947393E+0002  4.41883357451299E+0002  1.48962253248725E+0002  8.68518723602387E+0000  4.85970742672590E+0000  4.08760715236950E-0001  4.87686801089551E+0000 -9.00089601886296E+0000
 9.75000000000000E+0001  1.64658295296504E+0002  4.44317086902604E+0002  1.49164834794729E+0002  8.60706529492285E+0000  4.87522155378665E+0000  4.01558660530577E-0001  4.89173124326684E+0000 -9.10724853825713E+0000
 9.80000000000000E+0001  1.65028005191902E+0002  4.46758590229070E+0002  1.49363805070770E+0002  8.52907218857646E+0000  4.89080302510189E+0000  3.94315574712240E-0001  4.90667290562622E+0000 -9.21353780366617E+0000
 9.85000000000000E+0001  1.65395569348520E+0002  4.49207901250125E+0002  1.49559143469887E+0002  8.45120733942182E+0000  4.90645243128366E+0000  3.87031091360348E-0001  4.92169366439327E+0000 -9.31976314059673E+0000
 9.90000000000000E+0001  1.65760978398583E+0002  4.51665054082631E+0002  1.49750829200697E+0002  8.37347016527331E+0000  4.92217037149238E+0000  3.79704839199426E-0001  4.93679419572144E+0000 -9.42592387712447E+0000
 9.95000000000000E+0001  1.66124222890464E+0002  4.54130083145206E+0002  1.49938841284949E+0002  8.29586007924742E+0000  4.93795745360029E+0000  3.72336442007234E-0001  4.95197518568230E+0000 -9.53201934391611E+0000
 1.00000000000000E+0002  1.66485293287502E+0002  4.56603023162611E+0002  1.50123158555024E+0002  8.21837648968497E+0000  4.95381429435863E+0000  3.64925518519662E-0001  4.96723733045430E+0000 -9.63804887425166E+0000
 1.00500000000000E+0002  1.66844179966805E+0002  4.59083909170242E+0002  1.50303759651389E+0002  8.14101880007101E+0000  4.96974151956894E+0000  3.57471682333355E-0001  4.98258133651601E+0000 -9.74401180404591E+0000
 1.01000000000000E+0002  1.67200873218025E+0002  4.61572776518695E+0002  1.50480623020005E+0002  8.06378640895205E+0000  4.98573976425838E+0000  3.49974541805985E-0001  4.99800792084402E+0000 -9.84990747187006E+0000
 1.01500000000000E+0002  1.67555363242108E+0002  4.64069660878420E+0002  1.50653726909679E+0002  7.98667870985067E+0000  5.00180967285927E+0000  3.42433699954117E-0001  5.01351781111555E+0000 -9.95573521897284E+0000
 1.02000000000000E+0002  1.67907640150018E+0002  4.66574598244475E+0002  1.50823049369372E+0002  7.90969509117753E+0000  5.01795189939302E+0000  3.34848754348593E-0001  5.02911174591606E+0000 -1.00614943893013E+0001
 1.02500000000000E+0002  1.68257693961433E+0002  4.69087624941366E+0002  1.50988568245444E+0002  7.83283493614049E+0000  5.03416710765846E+0000  3.27219297007356E-0001  5.04479047495180E+0000 -1.01671843295219E+0001
 1.03000000000000E+0002  1.68605514603417E+0002  4.71608777627980E+0002  1.51150261178856E+0002  7.75609762265106E+0000  5.05045597142482E+0000  3.19544914285657E-0001  5.06055475926764E+0000 -1.02728043890404E+0001
 1.03500000000000E+0002  1.68951091909058E+0002  4.74138093302625E+0002  1.51308105602305E+0002  7.67948252322774E+0000  5.06681917462939E+0000  3.11825186763539E-0001  5.07640537147027E+0000 -1.03783539200227E+0001
 1.04000000000000E+0002  1.69294415616081E+0002  4.76675609308161E+0002  1.51462078737310E+0002  7.60298900489659E+0000  5.08325741158016E+0000  3.04059689130552E-0001  5.09234309595680E+0000 -1.04838322774139E+0001
 1.04500000000000E+0002  1.69635475365435E+0002  4.79221363337236E+0002  1.51612157591240E+0002  7.52661642908859E+0000  5.09977138716333E+0000  2.96247990067589E-0001  5.10836872914915E+0000 -1.05892388189588E+0001
 1.05000000000000E+0002  1.69974260699839E+0002  4.81775393437633E+0002  1.51758318954274E+0002  7.45036415153387E+0000  5.11636181705608E+0000  2.88389652125766E-0001  5.12448307973425E+0000 -1.06945729052207E+0001
 1.05500000000000E+0002  1.70310761062308E+0002  4.84337738017714E+0002  1.51900539396313E+0002  7.37423152215283E+0000  5.13302942794469E+0000  2.80484231602268E-0001  5.14068696891026E+0000 -1.07998338996009E+0001
 1.06000000000000E+0002  1.70644965794640E+0002  4.86908435851984E+0002  1.52038795263811E+0002  7.29821788494376E+0000  5.14977495774806E+0000  2.72531278413047E-0001  5.15698123063896E+0000 -1.09050211683573E+0001
 1.06500000000000E+0002  1.70976864135873E+0002  4.89487526086763E+0002  1.52173062676562E+0002  7.22232257786719E+0000  5.16659915584694E+0000  2.64530335962301E-0001  5.17336671190460E+0000 -1.10101340806231E+0001
 1.07000000000000E+0002  1.71306445220706E+0002  4.92075048245977E+0002  1.52303317524404E+0002  7.14654493272666E+0000  5.18350278331898E+0000  2.56480941008618E-0001  5.18984427297932E+0000 -1.11151720084252E+0001
 1.07500000000000E+0002  1.71633698077889E+0002  4.94671042237063E+0002  1.52429535463864E+0002  7.07088427504593E+0000  5.20048661317976E+0000  2.48382623527692E-0001  5.20641478769531E+0000 -1.12201343267021E+0001
 1.08000000000000E+0002  1.71958611628575E+0002  4.97275548357002E+0002  1.52551691914735E+0002  6.99533992394244E+0000  5.21755143063004E+0000  2.40234906571497E-0001  5.22307914372403E+0000 -1.13250204133219E+0001
 1.08500000000000E+0002  1.72281174684636E+0002  4.99888607298476E+0002  1.52669762056571E+0002  6.91991119199698E+0000  5.23469803330936E+0000  2.32037306123824E-0001  5.23983824286267E+0000 -1.14298296490995E+0001
 1.09000000000000E+0002  1.72601375946940E+0002  5.02510260156150E+0002  1.52783720825123E+0002  6.84459738511945E+0000  5.25192723155626E+0000  2.23789330952050E-0001  5.25669300132794E+0000 -1.15345614178143E+0001
 1.09500000000000E+0002  1.72919204003593E+0002  5.05140548433086E+0002  1.52893542908688E+0002  6.76939780241055E+0000  5.26923984867523E+0000  2.15490482455037E-0001  5.27364435005772E+0000 -1.16392151062270E+0001
 1.10000000000000E+0002  1.73234647328137E+0002  5.07779514047301E+0002  1.52999202744390E+0002  6.69431173601936E+0000  5.28663672121071E+0000  2.07140254507022E-0001  5.29069323502042E+0000 -1.17437901040961E+0001
 1.10500000000000E+0002  1.73547694277714E+0002  5.10427199338448E+0002  1.53100674514373E+0002  6.61933847099659E+0000  5.30411869922830E+0000  1.98738133297395E-0001  5.30784061753270E+0000 -1.18482858041947E+0001
 1.11000000000000E+0002  1.73858333091180E+0002  5.13083647074658E+0002  1.53197932141923E+0002  6.54447728514348E+0000  5.32168664660339E+0000  1.90283597166209E-0001  5.32508747458550E+0000 -1.19527016023265E+0001
 1.11500000000000E+0002  1.74166551887182E+0002  5.15748900459509E+0002  1.53290949287496E+0002  6.46972744885612E+0000  5.33934144131755E+0000  1.81776116435300E-0001  5.34243479917886E+0000 -1.20570368973417E+0001
 1.12000000000000E+0002  1.74472338662190E+0002  5.18423003139162E+0002  1.53379699344671E+0002  6.39508822496517E+0000  5.35708397576277E+0000  1.73215153234879E-0001  5.35988360066564E+0000 -1.21612910911526E+0001
 1.12500000000000E+0002  1.74775681288484E+0002  5.21105999209642E+0002  1.53464155436006E+0002  6.32055886857064E+0000  5.37491515705397E+0000  1.64600161325434E-0001  5.37743490510456E+0000 -1.22654635887492E+0001
 1.13000000000000E+0002  1.75076567512090E+0002  5.23797933224277E+0002  1.53544290408808E+0002  6.24613862687187E+0000  5.39283590734995E+0000  1.55930585914805E-0001  5.39508975562285E+0000 -1.23695537982140E+0001
 1.13500000000000E+0002  1.75374984950674E+0002  5.26498850201306E+0002  1.53620076830811E+0002  6.17182673899226E+0000  5.41084716418302E+0000  1.47205863470271E-0001  5.41284921278872E+0000 -1.24735611307371E+0001
 1.14000000000000E+0002  1.75670921091385E+0002  5.29208795631646E+0002  1.53691486985758E+0002  6.09762243579881E+0000  5.42894988079780E+0000  1.38425421525477E-0001  5.43071435499409E+0000 -1.25774850006304E+0001
 1.14500000000000E+0002  1.75964363288646E+0002  5.31927815486838E+0002  1.53758492868885E+0002  6.02352493971623E+0000  5.44714502649914E+0000  1.29588678482038E-0001  5.44868627884787E+0000 -1.26813248253423E+0001
 1.15000000000000E+0002  1.76255298761895E+0002  5.34655956227164E+0002  1.53821066182301E+0002  5.94953346453535E+0000  5.46543358700990E+0000  1.20695043405645E-0001  5.46676609958014E+0000 -1.27850800254712E+0001
 1.15500000000000E+0002  1.76543714593269E+0002  5.37393264809948E+0002  1.53879178330273E+0002  5.87564721521588E+0000  5.48381656483850E+0000  1.11743915816484E-0001  5.48495495145759E+0000 -1.28887500247798E+0001
 1.16000000000000E+0002  1.76829597725239E+0002  5.40139788698046E+0002  1.53932800414395E+0002  5.80186538768310E+0000  5.50229497965687E+0000  1.02734685473776E-0001  5.50325398821066E+0000 -1.29923342502080E+0001
 1.16500000000000E+0002  1.77112934958180E+0002  5.42895575868517E+0002  1.53981903228655E+0002  5.72818716861844E+0000  5.52086986868900E+0000  9.36667321542433E-0002  5.52166438347266E+0000 -1.30958321318865E+0001
 1.17000000000000E+0002  1.77393712947894E+0002  5.45660674821506E+0002  1.54026457254387E+0002  5.65461173524369E+0000  5.53954228711052E+0000  8.45394254243015E-0002  5.54018733123138E+0000 -1.31992431031495E+0001
 1.17500000000000E+0002  1.77671918203058E+0002  5.48435134589318E+0002  1.54066432655106E+0002  5.58113825509863E+0000  5.55831330845963E+0000  7.53521244057472E-0002  5.55882404629359E+0000 -1.33025666005473E+0001
 1.18000000000000E+0002  1.77947537082626E+0002  5.51219004745707E+0002  1.54101799271227E+0002  5.50776588581192E+0000  5.57718402505981E+0000  6.61041775347313E-0002  5.57757576476285E+0000 -1.34058020638588E+0001
 1.18500000000000E+0002  1.78220555793156E+0002  5.54012335415374E+0002  1.54132526614660E+0002  5.43449377486492E+0000  5.59615554845473E+0000  5.67949223137803E-0002  5.59644374453110E+0000 -1.35089489361035E+0001
 1.19000000000000E+0002  1.78490960386077E+0002  5.56815177283690E+0002  1.54158583863281E+0002  5.36132105934835E+0000  5.61522900985571E+0000  4.74236850566255E-0002  5.61542926578454E+0000 -1.36120066635534E+0001
 1.19500000000000E+0002  1.78758736754885E+0002  5.59627581606645E+0002  1.54179939855270E+0002  5.28824686571140E+0000  5.63440556060231E+0000  3.79897806255870E-0002  5.63453363152429E+0000 -1.37149746957443E+0001
 1.20000000000000E+0002  1.79023870632274E+0002  5.62449600221028E+0002  1.54196563083318E+0002  5.21527030950316E+0000  5.65368637263634E+0000  2.84925121612528E-0002  5.65375816810227E+0000 -1.38178524854874E+0001
 1.20500000000000E+0002  1.79286347587190E+0002  5.65281285554851E+0002  1.54208421688701E+0002  5.14239049510600E+0000  5.67307263898986E+0000  1.89311708041786E-0002  5.67310422577299E+0000 -1.39206394888800E+0001
 1.21000000000000E+0002  1.79546153021817E+0002  5.68122690638022E+0002  1.54215483455203E+0002  5.06960651546075E+0000  5.69256557428773E+0000  9.30503540832456E-0003  5.69257317926171E+0000 -1.40233351653165E+0001
 1.21500000000000E+0002  1.79803272168481E+0002  5.70973869113262E+0002  1.54217715802905E+0002  4.99691745178328E+0000  5.71216641526510E+0000 -3.86627754065681E-0004  5.71216642834954E+0000 -1.41259389774985E+0001
 1.22000000000000E+0002  1.80057690086480E+0002  5.73834875247302E+0002  1.54215085781811E+0002  4.92432237327218E+0000  5.73187642130044E+0000 -1.01445652964539E-0002  5.73188539847622E+0000 -1.42284503914454E+0001
 1.22500000000000E+0002  1.80309391658832E+0002  5.76705763942336E+0002  1.54207560065337E+0002  4.85182033680743E+0000  5.75169687496467E+0000 -1.99695370311838E-0002  5.75173154136106E+0000 -1.43308688765040E+0001
 1.23000000000000E+0002  1.80558361588938E+0002  5.79586590747758E+0002  1.54195104943622E+0002  4.77941038663949E+0000  5.77162908258706E+0000 -2.98623162921812E-0002  5.77170633564279E+0000 -1.44331939053581E+0001
 1.23500000000000E+0002  1.80804584397159E+0002  5.82477411872188E+0002  1.54177686316691E+0002  4.70709155406849E+0000  5.79167437483830E+0000 -3.98236902675273E-0002  5.79181128753908E+0000 -1.45354249540382E+0001
 1.24000000000000E+0002  1.81048044417310E+0002  5.85378284195793E+0002  1.54155269687440E+0002  4.63486285711344E+0000  5.81183410733163E+0000 -4.98544603422685E-0002  5.81204793152631E+0000 -1.46375615019301E+0001
 1.24500000000000E+0002  1.81288725793052E+0002  5.88289265282908E+0002  1.54127820154447E+0002  4.56272330017080E+0000  5.83210966124254E+0000 -5.99554424518446E-0002  5.83241783104041E+0000 -1.47396030317844E+0001
 1.25000000000000E+0002  1.81526612474199E+0002  5.91210413394982E+0002  1.54095302404613E+0002  4.49067187366204E+0000  5.85250244394776E+0000 -7.01274674465310E-0002  5.85292257919964E+0000 -1.48415490297242E+0001
 1.25500000000000E+0002  1.81761688212924E+0002  5.94141787503837E+0002  1.54057680705605E+0002  4.41870755367023E+0000  5.87301388968433E+0000 -8.03713814673099E-0002  5.87356379954998E+0000 -1.49433989852543E+0001
 1.26000000000000E+0002  1.81993936559862E+0002  5.97083447305272E+0002  1.54014918898117E+0002  4.34682930156431E+0000  5.89364546022940E+0000 -9.06880463336028E-0002  5.89434314683412E+0000 -1.50451523912684E+0001
 1.26500000000000E+0002  1.82223340860111E+0002  6.00035453233004E+0002  1.53966980387929E+0002  4.27503606361201E+0000  5.91439864560168E+0000 -1.01078339943316E-0001  5.91526230778490E+0000 -1.51468087440576E+0001
 1.27000000000000E+0002  1.82449884249130E+0002  6.02997866472970E+0002  1.53913828137769E+0002  4.20332677057951E+0000  5.93527496478530E+0000 -1.11543156685672E-0001  5.93632300194409E+0000 -1.52483675433172E+0001
 1.27500000000000E+0002  1.82673549648516E+0002  6.05970748977996E+0002  1.53855424658958E+0002  4.13170033731793E+0000  5.95627596647689E+0000 -1.22083407867320E-0001  5.95752698250765E+0000 -1.53498282921545E+0001
 1.28000000000000E+0002  1.82894319761678E+0002  6.08954163482844E+0002  1.53791732002842E+0002  4.06015566233721E+0000  5.97740322985693E+0000 -1.32700022152238E-0001  5.97887603719823E+0000 -1.54511904970953E+0001
 1.28500000000000E+0002  1.83112177069382E+0002  6.11948173519655E+0002  1.53722711752003E+0002  3.98869162736461E+0000  5.99865836538616E+0000 -1.43393946015974E-0001  6.00037198916628E+0000 -1.55524536680910E+0001
 1.29000000000000E+0002  1.83327103825180E+0002  6.14952843433788E+0002  1.53648325011234E+0002  3.91730709688964E+0000  6.02004301562818E+0000 -1.54166144214776E-0001  6.02201669792069E+0000 -1.56536173185247E+0001
 1.29500000000000E+0002  1.83539082050713E+0002  6.17968238400087E+0002  1.53568532398280E+0002  3.84600091769300E+0000  6.04155885609914E+0000 -1.65017600270224E-0001  6.04381206029017E+0000 -1.57546809652177E+0001
 1.30000000000000E+0002  1.83748093530878E+0002  6.20994424439575E+0002  1.53483294034328E+0002  3.77477191836041E+0000  6.06320759614575E+0000 -1.75949316969950E-0001  6.06576001141668E+0000 -1.58556441284349E+0001
 1.30500000000000E+0002  1.83954119808863E+0002  6.24031468436595E+0002  1.53392569534249E+0002  3.70361890877982E+0000  6.08499097985257E+0000 -1.86962316885123E-0001  6.08786252578211E+0000 -1.59565063318912E+0001
 1.31000000000000E+0002  1.84157142181044E+0002  6.27079438156411E+0002  1.53296317996571E+0002  3.63254067962107E+0000  6.10691078697997E+0000 -1.98057642905358E-0001  6.11012161826961E+0000 -1.60572671027562E+0001
 1.31500000000000E+0002  1.84357141691732E+0002  6.30138402263285E+0002  1.53194497993182E+0002  3.56153600179872E+0000  6.12896883393383E+0000 -2.09236358791764E-0001  6.13253934526087E+0000 -1.61579259716596E+0001
 1.32000000000000E+0002  1.84554099127774E+0002  6.33208430339057E+0002  1.53087067558754E+0002  3.49060362591586E+0000  6.15116697476836E+0000 -2.20499549748869E-0001  6.15511780577109E+0000 -1.62584824726962E+0001
 1.32500000000000E+0002  1.84747995012996E+0002  6.36289592902215E+0002  1.52973984179872E+0002  3.41974228168884E+0000  6.17350710222342E+0000 -2.31848323016213E-0001  6.17785914262283E+0000 -1.63589361434305E+0001
 1.33000000000000E+0002  1.84938809602490E+0002  6.39381961427517E+0002  1.52855204783867E+0002  3.34895067735237E+0000  6.19599114879778E+0000 -2.43283808480408E-0001  6.20076554366065E+0000 -1.64592865249006E+0001
 1.33500000000000E+0002  1.85126522876727E+0002  6.42485608366136E+0002  1.52730685727331E+0002  3.27822749904342E+0000  6.21862108785971E+0000 -2.54807159308540E-0001  6.22383924300815E+0000 -1.65595331616231E+0001
 1.34000000000000E+0002  1.85311114535504E+0002  6.45600607166389E+0002  1.52600382784318E+0002  3.20757141016402E+0000  6.24139893479666E+0000 -2.66419552603795E-0001  6.24708252236918E+0000 -1.66596756015963E+0001
 1.34500000000000E+0002  1.85492563991711E+0002  6.48727032295037E+0002  1.52464251134206E+0002  3.13698105072115E+0000  6.26432674820555E+0000 -2.78122190084263E-0001  6.27049771237505E+0000 -1.67597133963043E+0001
 1.35000000000000E+0002  1.85670850364908E+0002  6.51864959259196E+0002  1.52322245349212E+0002  3.06645503664342E+0000  6.28740663112541E+0000 -2.89916298785908E-0001  6.29408719397988E+0000 -1.68596461007198E+0001
 1.35500000000000E+0002  1.85845952474717E+0002  6.55014464628881E+0002  1.52174319381556E+0002  2.99599195907328E+0000  6.31064073231431E+0000 -3.01803131790739E-0001  6.31785339990595E+0000 -1.69594732733078E+0001
 1.36000000000000E+0002  1.86017848834013E+0002  6.58175626060187E+0002  1.52020426550249E+0002  2.92559038363402E+0000  6.33403124757235E+0000 -3.13783968981276E-0001  6.34179881614141E+0000 -1.70591944760281E+0001
 1.36500000000000E+0002  1.86186517641901E+0002  6.61348522319155E+0002  1.51860519527497E+0002  2.85524884966983E+0000  6.35758042111284E+0000 -3.25860117822471E-0001  6.36592598349247E+0000 -1.71588092743380E+0001
 1.37000000000000E+0002  1.86351936776491E+0002  6.64533233306332E+0002  1.51694550324712E+0002  2.78496586945851E+0000  6.38129054698371E+0000 -3.38032914172266E-0001  6.39023749919261E+0000 -1.72583172371947E+0001
 1.37500000000000E+0002  1.86514083787441E+0002  6.67729840082054E+0002  1.51522470278101E+0002  2.71473992739547E+0000  6.40516397054144E+0000 -3.50303723122083E-0001  6.41473601857125E+0000 -1.73577179370574E+0001
 1.38000000000000E+0002  1.86672935888273E+0002  6.70938424892476E+0002  1.51344230033839E+0002  2.64456947914701E+0000  6.42920308997981E+0000 -3.62673939868567E-0001  6.43942425678458E+0000 -1.74570109498892E+0001
 1.38500000000000E+0002  1.86828469948451E+0002  6.74159071196394E+0002  1.51159779532788E+0002  2.57445295077312E+0000  6.45341035791595E+0000 -3.75144990617987E-0001  6.46430499061134E+0000 -1.75561958551588E+0001
 1.39000000000000E+0002  1.86980662485205E+0002  6.77391863692856E+0002  1.50969067994757E+0002  2.50438873781652E+0000  6.47778828303630E+0000 -3.87718333524790E-0001  6.48938106031643E+0000 -1.76552722358417E+0001
 1.39500000000000E+0002  1.87129489655100E+0002  6.80636888349626E+0002  1.50772043902293E+0002  2.43437520435830E+0000  6.50233943180520E+0000 -4.00395459665837E-0001  6.51465537158565E+0000 -1.77542396784218E+0001
 1.40000000000000E+0002  1.87274927245337E+0002  6.83894232432513E+0002  1.50568654983961E+0002  2.36441068203681E+0000  6.52706643023900E+0000 -4.13177894052002E-0001  6.54013089753456E+0000 -1.78530977728916E+0001
 1.40500000000000E+0002  1.87416950664773E+0002  6.87163984535605E+0002  1.50358848197119E+0002  2.29449346903018E+0000  6.55197196574873E+0000 -4.26067196678833E-0001  6.56581068079510E+0000 -1.79518461127538E+0001
 1.41000000000000E+0002  1.87555534934649E+0002  6.90446234612441E+0002  1.50142569710155E+0002  2.22462182899890E+0000  6.57705878905453E+0000 -4.39064963618114E-0001  6.59169783568364E+0000 -1.80504842950211E+0001
 1.41500000000000E+0002  1.87690654679020E+0002  6.93741074008162E+0002  1.49919764884168E+0002  2.15479398998781E+0000  6.60232971617521E+0000 -4.52172828152253E-0001  6.61779555045405E+0000 -1.81490119202164E+0001
 1.42000000000000E+0002  1.87822284114866E+0002  6.97048595492668E+0002  1.49690378254067E+0002  2.08500814328539E+0000  6.62778763049659E+0000 -4.65392461953535E-0001  6.64410708964017E+0000 -1.82474285923735E+0001
 1.42500000000000E+0002  1.87950397041882E+0002  7.00368893294845E+0002  1.49454353509074E+0002  2.01526244223803E+0000  6.65343548492221E+0000 -4.78725576310368E-0001  6.67063579649164E+0000 -1.83457339190360E+0001
 1.43000000000000E+0002  1.88074966831918E+0002  7.03702063137870E+0002  1.49211633472595E+0002  1.94555500101746E+0000  6.67927630411056E+0000 -4.92173923402806E-0001  6.69738509550784E+0000 -1.84439275112573E+0001
 1.43500000000000E+0002  1.88195966418076E+0002  7.07048202275676E+0002  1.48962160081452E+0002  1.87588389333885E+0000  6.70531318680302E+0000 -5.05739297629741E-0001  6.72435849507456E+0000 -1.85420089836001E+0001
 1.44000000000000E+0002  1.88313368283427E+0002  7.10407409530584E+0002  1.48705874364423E+0002  1.80624715112819E+0000  6.73154930824678E+0000 -5.19423536990289E-0001  6.75155959020856E+0000 -1.86399779541350E+0001
 1.44500000000000E+0002  1.88427144449353E+0002  7.13779785332194E+0002  1.48442716420090E+0002  1.73664276313455E+0000  6.75798792271772E+0000 -5.33228524522056E-0001  6.77899206541522E+0000 -1.87378340444396E+0001
 1.45000000000000E+0002  1.88537266463477E+0002  7.17165431757543E+0002  1.48172625393944E+0002  1.66706867348679E+0000  6.78463236614798E+0000 -5.47156189799114E-0001  6.80665969766509E+0000 -1.88355768795973E+0001
 1.45500000000000E+0002  1.88643705387184E+0002  7.20564452572618E+0002  1.47895539454734E+0002  1.59752278019029E+0000  6.81148605886360E+0000 -5.61208510492692E-0001  6.83456635949514E+0000 -1.89332060881954E+0001
 1.46000000000000E+0002  1.88746431782700E+0002  7.23976953275258E+0002  1.47611395770007E+0002  1.52800293356180E+0000  6.83855250843781E+0000 -5.75387513997753E-0001  6.86271602224117E+0000 -1.90307213023236E+0001
 1.46500000000000E+0002  1.88845415699719E+0002  7.27403041139517E+0002  1.47320130480835E+0002  1.45850693459852E+0000  6.86583531266589E+0000 -5.89695279128831E-0001  6.89111275940807E+0000 -1.91281221575719E+0001
 1.47000000000000E+0002  1.88940626661552E+0002  7.30842825261549E+0002  1.47021678675656E+0002  1.38903253327898E+0000  6.89333816266775E+0000 -6.04133937888694E-0001  6.91976075018497E+0000 -1.92254082930284E+0001
 1.47500000000000E+0002  1.89032033650783E+0002  7.34296416607068E+0002  1.46715974363231E+0002  1.31957742679131E+0000  6.92106484612510E+0000 -6.18705677313618E-0001  6.94866428311289E+0000 -1.93225793512765E+0001
 1.48000000000000E+0002  1.89119605094401E+0002  7.37763928060470E+0002  1.46402950444643E+0002  1.25013925768634E+0000  6.94901925066003E+0000 -6.33412741399298E-0001  6.97782775991287E+0000 -1.94196349783930E+0001
 1.48500000000000E+0002  1.89203308848396E+0002  7.41245474475679E+0002  1.46082538684319E+0002  1.18071561195005E+0000  6.97720536736263E+0000 -6.48257433111654E-0001  7.00725569948310E+0000 -1.95165748239445E+0001
 1.49000000000000E+0002  1.89283112181790E+0002  7.44741172728797E+0002  1.45754669680027E+0002  1.11130401699322E+0000  7.00562729447558E+0000 -6.63242116487060E-0001  7.03695274207405E+0000 -1.96133985409849E+0001
 1.49500000000000E+0002  1.89358981760066E+0002  7.48251141772633E+0002  1.45419272831794E+0002  1.04190193955193E+0000  7.03428924124414E+0000 -6.78369218826830E-0001  7.06692365365120E+0000 -1.97101057860517E+0001
 1.50000000000000E+0002  1.89430883627989E+0002  7.51775502693202E+0002  1.45076276309702E+0002  9.72506783495730E-0001  7.06319553194058E+0000 -6.93641232991065E-0001  7.09717333045564E+0000 -1.98066962191627E+0001
 1.50500000000000E+0002  1.89498783191773E+0002  7.55314378768288E+0002  1.44725607020519E+0002  9.03115887537622E-0001  7.09235061007253E+0000 -7.09060719797323E-0001  7.12770680377327E+0000 -1.99031695038125E+0001
 1.51000000000000E+0002  1.89562645200570E+0002  7.58867895528149E+0002  1.44367190573092E+0002  8.33726522841028E-0001  7.12175904278556E+0000 -7.24630310529902E-0001  7.15852924492430E+0000 -1.99995253069683E+0001
 1.51500000000000E+0002  1.89622433727246E+0002  7.62436180818479E+0002  1.44000951242466E+0002  7.64335890517877E-0001  7.15142552547072E+0000 -7.40352709565933E-0001  7.18964597048532E+0000 -2.00957632990662E+0001
 1.52000000000000E+0002  1.89678112148420E+0002  7.66019364865734E+0002  1.43626811932653E+0002  6.94941119012059E-0001  7.18135488658874E+0000 -7.56230697124849E-0001  7.22106244775697E+0000 -2.01918831540064E+0001
 1.52500000000000E+0002  1.89729643123711E+0002  7.69617580344909E+0002  1.43244694137998E+0002  6.25539261362061E-0001  7.21155209272303E+0000 -7.72267132148276E-0001  7.25278430049139E+0000 -2.02878845491493E+0001
 1.53000000000000E+0002  1.89776988574177E+0002  7.73230962449926E+0002  1.42854517903070E+0002  5.56127292334953E-0001  7.24202225387486E+0000 -7.88464955317823E-0001  7.28481731489425E+0000 -2.03837671653105E+0001
 1.53500000000000E+0002  1.89820109659884E+0002  7.76859648966708E+0002  1.42456201781005E+0002  4.86702105426642E-0001  7.27277062901459E+0000 -8.04827192218787E-0001  7.31716744591731E+0000 -2.04795306867561E+0001
 1.54000000000000E+0002  1.89858966756585E+0002  7.80503780349116E+0002  1.42049662790233E+0002  4.17260509717759E-0001  7.30380263190409E+0000 -8.21356956658310E-0001  7.34984082385871E+0000 -2.05751748011975E+0001
 1.54500000000000E+0002  1.89893519431440E+0002  7.84163499797854E+0002  1.41634816369502E+0002  3.47799226580276E-0001  7.33512383720634E+0000 -8.38057454147144E-0001  7.38284376128902E+0000 -2.06706991997863E+0001
 1.55000000000000E+0002  1.89923726417751E+0002  7.87838953342513E+0002  1.41211576331122E+0002  2.78314886223073E-0001  7.36673998689930E+0000 -8.54931985554789E-0001  7.41618276032258E+0000 -2.07661035771089E+0001
 1.55500000000000E+0002  1.89949545588645E+0002  7.91530289926900E+0002  1.40779854812333E+0002  2.08804024069156E-0001  7.39865699701269E+0000 -8.71983950948475E-0001  7.44986452025516E+0000 -2.08613876311808E+0001
 1.56000000000000E+0002  1.89970933929659E+0002  7.95237661497815E+0002  1.40339562224706E+0002  1.39263076953549E-0001  7.43088096470698E+0000 -8.89216853627201E-0001  7.48389594559005E+0000 -2.09565510634409E+0001
 1.56500000000000E+0002  1.89987847510170E+0002  7.98961223097464E+0002  1.39890607201475E+0002  6.96883791315667E-0002  7.46341817571604E+0000 -9.06634304362846E-0001  7.51828415447674E+0000 -2.10515935787457E+0001
 1.57000000000000E+0002  1.90000241453599E+0002  8.02701132959687E+0002  1.39432896542693E+0002  7.61580853181698E-0005  7.49627511217592E+0000 -9.24240025861239E-0001  7.55303648758776E+0000 -2.11465148853627E+0001
